Nodo1, "Casa 1", [100, 150], [10, 2, 14, 1, 0, 1, 1, 1, 3, 3, 1, 1, 1], [0.95, 0.90], [true, false], 1, 1, 60
Nodo2, "Casa 2", [120, 160], [3, 5, 33, 2, 0, 1, 1, 1, 2, 2, 0, 1, 1], [0.92, 0.88], [false, true], 1, 3, 60
Nodo3, "Casa 3", [130, 170], [1, 1, 12, 1, 0, 1, 1, 1, 1, 1, 0, 1, 0], [0.93, 0.85], [true, true], 1, 5, 50
Nodo4, "Casa 4", [140, 180], [0, 3, 16, 1, 0, 0, 1, 1, 3, 2, 0, 1, 0], [0.94, 0.89], [false, false], 3, 0, 70
Nodo5, "Casa 5", [110, 165], [5, 3, 30, 1, 0, 1, 1, 1, 2, 2, 0, 1, 0], [0.91, 0.87], [true, false], 3, 7, 80
Nodo6, "Casa 6", [115, 175], [1, 2, 10, 1, 0, 1, 1, 1, 2, 1, 0, 1, 1], [0.96, 0.86], [false, true], 5, 1, 50
Nodo7, "Casa 7", [115, 175], [0, 3, 27, 1, 1, 0, 1, 1, 5, 4, 1, 1, 0], [], [false, true], 5, 3, 80
Nodo8, "Casa 8", [115, 175], [3, 3, 25, 1, 1, 0, 1, 1, 5, 4, 1, 1, 0], [], [false, true], 5, 5, 40
Nodo9, "Casa 9", [115, 175], [4, 4, 35, 2, 1, 0, 1, 1, 5, 4, 1, 1, 1], [], [false, true], 7, 0, 60
Nodo10, "Casa 10", [115, 175], [2, 3, 25, 1, 0, 1, 1, 1, 4, 2, 0, 1, 0], [], [false, true], 7, 7, 50
Nodo11, "Casa 11", [115, 175], [3, 3, 25, 1, 1, 0, 1, 1, 5, 4, 1, 1, 0], [], [false, true], 9, 1, 40
Nodo12, "Casa 12", [115, 175], [4, 4, 35, 2, 1, 0, 1, 1, 5, 4, 1, 1, 1], [], [false, true], 9, 3, 60
Nodo13, "Casa 13", [115, 175], [3, 3, 30, 1, 0, 1, 1, 1, 4, 2, 1, 1, 0], [], [false, true], 9, 5, 50